595          0
589          1.504023912
582          1.9505784
576          2.249890406
569          2.158764788
563          2.399440158
556          1.642807753
550          2.406144274
544          2.210266643
537          2.683087702
531          2.533893975
524          3.493945235
518          3.889008566
511          3.641601639
505          5.000320682
498          5.371315216
492          5.436434639
486          5.818477732
479          6.183969899
473          6.114128249
466          5.344773146
460          5.537617281
453          5.479679499
447          3.981818899
441          2.59825661
434          1.647255282
428          0.689948154
421          0.11336436
415          0.093424637
408          -0.077672794
402          0.059809688
396          0.1002
389          -0.008
383          -0.0003
376          0
370          0
363          0
357          0
350          0
344          0
338          0
331          0
325          0
318          0
312          0
305          0
